0.0 0.0 0
0.0 -1.25984 0
0.0 -2.51968 0
0.0 -3.77952 0
0.0 -5.03936 0
0.0 -6.299200000000001 0
0.0 -7.55904 0
0.0 -8.81888 0
0.0 -10.07872 0
0.0 -11.338560000000001 0
0.0 -12.598400000000002 0
0.0 -13.85824 0
0.0 -15.11808 0
0.0 -16.37792 0
0.0 -17.63776 0
0.0 -18.8976 0
0.0 -20.15744 0
1.25984 0.0 0
1.25984 -1.25984 0
1.25984 -2.51968 0
1.25984 -3.77952 0
1.25984 -5.03936 0
1.25984 -6.299200000000001 0
1.25984 -7.55904 0
1.25984 -8.81888 0
1.25984 -10.07872 0
1.25984 -11.338560000000001 0
1.25984 -12.598400000000002 0
1.25984 -13.85824 0
1.25984 -15.11808 0
1.25984 -16.37792 0
1.25984 -17.63776 0
1.25984 -18.8976 0
1.25984 -20.15744 0
2.51968 0.0 0
2.51968 -1.25984 0
2.51968 -2.51968 0
2.51968 -3.77952 0
2.51968 -5.03936 0
2.51968 -6.299200000000001 0
2.51968 -7.55904 0
2.51968 -8.81888 0
2.51968 -10.07872 0
2.51968 -11.338560000000001 0
2.51968 -12.598400000000002 0
2.51968 -13.85824 0
2.51968 -15.11808 0
2.51968 -16.37792 0
2.51968 -17.63776 0
2.51968 -18.8976 0
2.51968 -20.15744 0
3.77952 0.0 0
3.77952 -1.25984 0
3.77952 -2.51968 0
3.77952 -3.77952 0
3.77952 -5.03936 0
3.77952 -6.299200000000001 0
3.77952 -7.55904 0
3.77952 -8.81888 0
3.77952 -10.07872 0
3.77952 -11.338560000000001 0
3.77952 -12.598400000000002 0
3.77952 -13.85824 0
3.77952 -15.11808 0
3.77952 -16.37792 0
3.77952 -17.63776 0
3.77952 -18.8976 0
3.77952 -20.15744 0
5.03936 0.0 0
5.03936 -1.25984 0
5.03936 -2.51968 0
5.03936 -3.77952 0
5.03936 -5.03936 0
5.03936 -6.299200000000001 0
5.03936 -7.55904 0
5.03936 -8.81888 0
5.03936 -10.07872 0
5.03936 -11.338560000000001 0
5.03936 -12.598400000000002 0
5.03936 -13.85824 0
5.03936 -15.11808 0
5.03936 -16.37792 0
5.03936 -17.63776 0
5.03936 -18.8976 0
5.03936 -20.15744 0
6.299200000000001 0.0 0
6.299200000000001 -1.25984 0
6.299200000000001 -2.51968 0
6.299200000000001 -3.77952 0
6.299200000000001 -5.03936 0
6.299200000000001 -6.299200000000001 0
6.299200000000001 -7.55904 0
6.299200000000001 -8.81888 0
6.299200000000001 -10.07872 0
6.299200000000001 -11.338560000000001 0
6.299200000000001 -12.598400000000002 0
6.299200000000001 -13.85824 0
6.299200000000001 -15.11808 0
6.299200000000001 -16.37792 0
6.299200000000001 -17.63776 0
6.299200000000001 -18.8976 0
6.299200000000001 -20.15744 0
7.55904 0.0 0
7.55904 -1.25984 0
7.55904 -2.51968 0
7.55904 -3.77952 0
7.55904 -5.03936 0
7.55904 -6.299200000000001 0
7.55904 -7.55904 0
7.55904 -8.81888 0
7.55904 -10.07872 0
7.55904 -11.338560000000001 0
7.55904 -12.598400000000002 0
7.55904 -13.85824 0
7.55904 -15.11808 0
7.55904 -16.37792 0
7.55904 -17.63776 0
7.55904 -18.8976 0
7.55904 -20.15744 0
8.81888 0.0 0
8.81888 -1.25984 0
8.81888 -2.51968 0
8.81888 -3.77952 0
8.81888 -5.03936 0
8.81888 -6.299200000000001 0
8.81888 -7.55904 0
8.81888 -8.81888 0
8.81888 -10.07872 0
8.81888 -11.338560000000001 0
8.81888 -12.598400000000002 0
8.81888 -13.85824 0
8.81888 -15.11808 0
8.81888 -16.37792 0
8.81888 -17.63776 0
8.81888 -18.8976 0
8.81888 -20.15744 0
10.07872 0.0 0
10.07872 -1.25984 0
10.07872 -2.51968 0
10.07872 -3.77952 0
10.07872 -5.03936 0
10.07872 -6.299200000000001 0
10.07872 -7.55904 0
10.07872 -8.81888 0
10.07872 -10.07872 0
10.07872 -11.338560000000001 0
10.07872 -12.598400000000002 0
10.07872 -13.85824 0
10.07872 -15.11808 0
10.07872 -16.37792 0
10.07872 -17.63776 0
10.07872 -18.8976 0
10.07872 -20.15744 0
11.338560000000001 0.0 0
11.338560000000001 -1.25984 0
11.338560000000001 -2.51968 0
11.338560000000001 -3.77952 0
11.338560000000001 -5.03936 0
11.338560000000001 -6.299200000000001 0
11.338560000000001 -7.55904 0
11.338560000000001 -8.81888 0
11.338560000000001 -10.07872 0
11.338560000000001 -11.338560000000001 0
11.338560000000001 -12.598400000000002 0
11.338560000000001 -13.85824 0
11.338560000000001 -15.11808 0
11.338560000000001 -16.37792 0
11.338560000000001 -17.63776 0
11.338560000000001 -18.8976 0
11.338560000000001 -20.15744 0
12.598400000000002 0.0 0
12.598400000000002 -1.25984 0
12.598400000000002 -2.51968 0
12.598400000000002 -3.77952 0
12.598400000000002 -5.03936 0
12.598400000000002 -6.299200000000001 0
12.598400000000002 -7.55904 0
12.598400000000002 -8.81888 0
12.598400000000002 -10.07872 0
12.598400000000002 -11.338560000000001 0
12.598400000000002 -12.598400000000002 0
12.598400000000002 -13.85824 0
12.598400000000002 -15.11808 0
12.598400000000002 -16.37792 0
12.598400000000002 -17.63776 0
12.598400000000002 -18.8976 0
12.598400000000002 -20.15744 0
13.85824 0.0 0
13.85824 -1.25984 0
13.85824 -2.51968 0
13.85824 -3.77952 0
13.85824 -5.03936 0
13.85824 -6.299200000000001 0
13.85824 -7.55904 0
13.85824 -8.81888 0
13.85824 -10.07872 0
13.85824 -11.338560000000001 0
13.85824 -12.598400000000002 0
13.85824 -13.85824 0
13.85824 -15.11808 0
13.85824 -16.37792 0
13.85824 -17.63776 0
13.85824 -18.8976 0
13.85824 -20.15744 0
15.11808 0.0 0
15.11808 -1.25984 0
15.11808 -2.51968 0
15.11808 -3.77952 0
15.11808 -5.03936 0
15.11808 -6.299200000000001 0
15.11808 -7.55904 0
15.11808 -8.81888 0
15.11808 -10.07872 0
15.11808 -11.338560000000001 0
15.11808 -12.598400000000002 0
15.11808 -13.85824 0
15.11808 -15.11808 0
15.11808 -16.37792 0
15.11808 -17.63776 0
15.11808 -18.8976 0
15.11808 -20.15744 0
16.37792 0.0 0
16.37792 -1.25984 0
16.37792 -2.51968 0
16.37792 -3.77952 0
16.37792 -5.03936 0
16.37792 -6.299200000000001 0
16.37792 -7.55904 0
16.37792 -8.81888 0
16.37792 -10.07872 0
16.37792 -11.338560000000001 0
16.37792 -12.598400000000002 0
16.37792 -13.85824 0
16.37792 -15.11808 0
16.37792 -16.37792 0
16.37792 -17.63776 0
16.37792 -18.8976 0
16.37792 -20.15744 0
17.63776 0.0 0
17.63776 -1.25984 0
17.63776 -2.51968 0
17.63776 -3.77952 0
17.63776 -5.03936 0
17.63776 -6.299200000000001 0
17.63776 -7.55904 0
17.63776 -8.81888 0
17.63776 -10.07872 0
17.63776 -11.338560000000001 0
17.63776 -12.598400000000002 0
17.63776 -13.85824 0
17.63776 -15.11808 0
17.63776 -16.37792 0
17.63776 -17.63776 0
17.63776 -18.8976 0
17.63776 -20.15744 0
18.8976 0.0 0
18.8976 -1.25984 0
18.8976 -2.51968 0
18.8976 -3.77952 0
18.8976 -5.03936 0
18.8976 -6.299200000000001 0
18.8976 -7.55904 0
18.8976 -8.81888 0
18.8976 -10.07872 0
18.8976 -11.338560000000001 0
18.8976 -12.598400000000002 0
18.8976 -13.85824 0
18.8976 -15.11808 0
18.8976 -16.37792 0
18.8976 -17.63776 0
18.8976 -18.8976 0
18.8976 -20.15744 0
20.15744 0.0 0
20.15744 -1.25984 0
20.15744 -2.51968 0
20.15744 -3.77952 0
20.15744 -5.03936 0
20.15744 -6.299200000000001 0
20.15744 -7.55904 0
20.15744 -8.81888 0
20.15744 -10.07872 0
20.15744 -11.338560000000001 0
20.15744 -12.598400000000002 0
20.15744 -13.85824 0
20.15744 -15.11808 0
20.15744 -16.37792 0
20.15744 -17.63776 0
20.15744 -18.8976 0
20.15744 -20.15744 0
